1 0.06125 0.4850187265917603 0.0925 0.13857677902621723
1 0.08875 0.12359550561797752 0.0675 0.09737827715355805
0 0.1475 0.09176029962546817 0.055 0.09363295880149813
0 0.31125 0.04681647940074907 0.0575 0.08614232209737828
1 0.23 0.11797752808988764 0.07 0.10861423220973783
1 0.265 0.2846441947565543 0.045 0.0749063670411985
1 0.2175 0.4794007490636704 0.085 0.12734082397003746
1 0.15875 0.6423220973782772 0.1075 0.10861423220973783
0 0.2125 0.8782771535580525 0.13 0.2209737827715356
1 0.36 0.6610486891385767 0.14 0.16104868913857678
1 0.32625 0.3801498127340824 0.0925 0.12359550561797752
1 0.34625 0.13857677902621723 0.0725 0.0749063670411985
1 0.44 0.15355805243445692 0.065 0.0898876404494382
0 0.50125 0.11610486891385768 0.0725 0.09737827715355805
0 0.49 0.352059925093633 0.09 0.12734082397003746
1 0.57125 0.2640449438202247 0.0625 0.10112359550561797
1 0.63125 0.11423220973782772 0.0775 0.11610486891385768
1 0.73625 0.1104868913857678 0.0675 0.07865168539325842
1 0.74625 0.2696629213483146 0.0625 0.0898876404494382
0 0.6825 0.4288389513108614 0.1 0.15355805243445692
1 0.63625 0.6666666666666666 0.0925 0.12734082397003746
0 0.755 0.797752808988764 0.1 0.14232209737827714
0 0.83 0.5 0.09 0.13857677902621723
1 0.8675 0.14794007490636704 0.06 0.09363295880149813
1 0.9775 0.0898876404494382 0.05 0.0749063670411985
0 0.92625 0.31835205992509363 0.0725 0.09737827715355805