0 0.84875 0.17228464419475656 0.0625 0.09737827715355805
0 0.0925 0.20973782771535582 0.05 0.06741573033707865
0 0.64625 0.19850187265917604 0.0475 0.0749063670411985
0 0.71125 0.299625468164794 0.0325 0.052434456928838954
2 0.93875 0.301498127340824 0.0475 0.07865168539325842
2 0.48 0.20037453183520598 0.055 0.10112359550561797
2 0.11875 0.28277153558052437 0.0575 0.09363295880149813
1 0.025 0.20411985018726592 0.045 0.07116104868913857
1 0.1975 0.29775280898876405 0.055 0.08614232209737828
1 0.23625 0.23595505617977527 0.0375 0.0599250936329588
1 0.365 0.24719101123595505 0.045 0.0599250936329588
1 0.60375 0.21910112359550563 0.0425 0.06367041198501873
1 0.72625 0.15730337078651685 0.0475 0.06741573033707865