2 0.125 0.5355805243445693 0.135 0.21722846441947566
0 0.43375 0.6891385767790262 0.1325 0.20224719101123595
0 0.53875 0.795880149812734 0.0725 0.16104868913857678
0 0.67 0.8220973782771536 0.125 0.20599250936329588
0 0.81875 0.7602996254681648 0.0925 0.15730337078651685
0 0.65625 0.46441947565543074 0.0675 0.1198501872659176
0 0.7225 0.4250936329588015 0.07 0.10861423220973783
0 0.51125 0.3801498127340824 0.0475 0.08614232209737828
0 0.56375 0.32771535580524347 0.0575 0.08614232209737828
0 0.59875 0.21910112359550563 0.0375 0.06367041198501873
0 0.68375 0.19850187265917604 0.0375 0.0599250936329588
0 0.53625 0.20599250936329588 0.0375 0.0599250936329588
0 0.5825 0.15730337078651685 0.03 0.0449438202247191
0 0.65 0.14606741573033707 0.035 0.0449438202247191
0 0.7425 0.1348314606741573 0.035 0.03745318352059925
0 0.9175 0.1348314606741573 0.025 0.0299625468164794