0 0.36125 0.3377777777777778 0.0625 0.18666666666666668
0 0.0775 0.38222222222222224 0.08 0.16
0 0.17 0.2822222222222222 0.065 0.14666666666666667
0 0.39125 0.4955555555555556 0.0625 0.14666666666666667
0 0.44375 0.35777777777777775 0.0575 0.1288888888888889
0 0.6025 0.2866666666666667 0.095 0.15555555555555556
0 0.24125 0.3244444444444444 0.0375 0.11555555555555555
2 0.6425 0.4911111111111111 0.1 0.21777777777777776
1 0.7625 0.4311111111111111 0.07 0.16
1 0.95375 0.34 0.0525 0.12
1 0.98375 0.33555555555555555 0.0325 0.14666666666666667