0 0.08375 0.2234513274336283 0.0525 0.09292035398230089
0 0.16875 0.2809734513274336 0.0425 0.084070796460177
0 0.3 0.18584070796460178 0.03 0.061946902654867256
0 0.3525 0.2610619469026549 0.055 0.10619469026548672
0 0.3675 0.18584070796460178 0.035 0.061946902654867256
0 0.4075 0.23672566371681417 0.04 0.084070796460177
0 0.45 0.47123893805309736 0.055 0.09292035398230089
0 0.4775 0.23008849557522124 0.03 0.061946902654867256
0 0.53 0.2234513274336283 0.03 0.0752212389380531
0 0.56375 0.2345132743362832 0.0425 0.08849557522123894
0 0.61375 0.26548672566371684 0.0375 0.07079646017699115
0 0.65375 0.3053097345132743 0.0475 0.08849557522123894
0 0.7125 0.3230088495575221 0.055 0.09734513274336283
0 0.765 0.21238938053097345 0.04 0.07964601769911504
1 0.80875 0.21460176991150443 0.0375 0.05752212389380531
0 0.88375 0.1902654867256637 0.0425 0.08849557522123894
0 0.94125 0.21460176991150443 0.0425 0.09292035398230089
0 0.84125 0.21238938053097345 0.0225 0.05309734513274336