0 0.2025 0.2922794117647059 0.045 0.0625
0 0.32 0.29044117647058826 0.045 0.0661764705882353
0 0.435 0.3161764705882353 0.055 0.07352941176470588
0 0.1025 0.27941176470588236 0.025 0.04411764705882353
0 0.315 0.2261029411764706 0.03 0.04779411764705882
0 0.245 0.23529411764705882 0.02 0.03676470588235294
0 0.405 0.2610294117647059 0.045 0.07352941176470588
0 0.86 0.28860294117647056 0.045 0.0625
0 0.70375 0.24448529411764705 0.0425 0.0625
0 0.60125 0.2555147058823529 0.0425 0.0625
1 0.7625 0.2665441176470588 0.035 0.08455882352941177
0 0.89875 0.22426470588235295 0.0275 0.051470588235294115
0 0.10375 0.33088235294117646 0.0175 0.058823529411764705