1 0.1025 0.2596899224806202 0.065 0.10852713178294573
0 0.23625 0.2131782945736434 0.0425 0.06976744186046512
0 0.27375 0.21511627906976744 0.0325 0.050387596899224806
0 0.3425 0.1937984496124031 0.035 0.06201550387596899
0 0.21375 0.4127906976744186 0.0675 0.10465116279069768
0 0.31375 0.5310077519379846 0.0975 0.16279069767441862
0 0.3925 0.20930232558139536 0.025 0.046511627906976744
0 0.41625 0.2441860465116279 0.0325 0.05426356589147287
0 0.48375 0.3003875968992248 0.0475 0.10465116279069768
0 0.54875 0.2189922480620155 0.0325 0.07364341085271318
0 0.67375 0.436046511627907 0.0875 0.13565891472868216
0 0.88125 0.8662790697674418 0.1625 0.2441860465116279
0 0.77125 0.28488372093023256 0.0575 0.08914728682170543