0 0.055 0.13333333333333333 0.07 0.13333333333333333
0 0.17375 0.15333333333333332 0.0825 0.13777777777777778
0 0.19125 0.4177777777777778 0.0875 0.1511111111111111
0 0.10625 0.7577777777777778 0.0775 0.13777777777777778
0 0.3175 0.46444444444444444 0.085 0.16444444444444445
0 0.29875 0.8155555555555556 0.0775 0.12
0 0.51875 0.6177777777777778 0.0875 0.17777777777777778
0 0.5325 0.9044444444444445 0.08 0.16444444444444445
0 0.60125 0.5711111111111111 0.0775 0.14666666666666667
0 0.73625 0.78 0.0775 0.16444444444444445
0 0.8475 0.32222222222222224 0.08 0.15555555555555556
0 0.97125 0.18444444444444444 0.0575 0.12
0 0.9675 0.4266666666666667 0.065 0.1511111111111111
0 0.83875 0.6266666666666667 0.0775 0.16
0 0.94625 0.7133333333333334 0.0925 0.16444444444444445
0 0.81625 0.9244444444444444 0.0875 0.1511111111111111