0 0.7925 0.7284644194756554 0.1 0.15355805243445692
1 0.83625 0.5262172284644194 0.0775 0.11610486891385768
1 0.44875 0.5599250936329588 0.0775 0.11610486891385768
0 0.52375 0.6985018726591761 0.1025 0.14606741573033707
0 0.96 0.548689138576779 0.06 0.08614232209737828
0 0.18875 0.6310861423220974 0.0825 0.15355805243445692
0 0.0775 0.5093632958801498 0.055 0.0898876404494382
0 0.2675 0.5861423220973783 0.045 0.10112359550561797
0 0.35375 0.5337078651685393 0.0525 0.07865168539325842
0 0.39375 0.49250936329588013 0.0575 0.10861423220973783
0 0.52 0.4887640449438202 0.06 0.09363295880149813
0 0.57 0.4887640449438202 0.04 0.07116104868913857
0 0.615 0.3951310861423221 0.03 0.056179775280898875
0 0.72875 0.3595505617977528 0.0425 0.052434456928838954
1 0.3 0.4943820224719101 0.04 0.0749063670411985
0 0.1225 0.41385767790262173 0.035 0.056179775280898875
0 0.375 0.3895131086142322 0.045 0.06741573033707865
1 0.47375 0.3408239700374532 0.0325 0.052434456928838954
0 0.5175 0.31835205992509363 0.015 0.03745318352059925
0 0.64375 0.31273408239700373 0.0175 0.033707865168539325
0 0.42625 0.33707865168539325 0.0225 0.03745318352059925
0 0.255 0.299625468164794 0.02 0.0299625468164794
0 0.6875 0.37265917602996257 0.035 0.04868913857677903
0 0.58 0.4288389513108614 0.03 0.056179775280898875
0 0.91625 0.31647940074906367 0.0225 0.04119850187265917
0 0.96125 0.30711610486891383 0.0225 0.0449438202247191
0 0.78375 0.350187265917603 0.0175 0.033707865168539325
0 0.94 0.30337078651685395 0.02 0.03745318352059925