0 0.27875 0.24906367041198502 0.0275 0.04119850187265917
1 0.36125 0.2752808988764045 0.0375 0.04868913857677903
0 0.48875 0.23782771535580524 0.0375 0.06367041198501873
0 0.61625 0.2958801498127341 0.0475 0.06741573033707865
0 0.72 0.3295880149812734 0.045 0.06741573033707865
0 0.83875 0.301498127340824 0.0625 0.08614232209737828
0 0.98 0.2883895131086142 0.04 0.11235955056179775
0 0.22375 0.2846441947565543 0.0225 0.03745318352059925
0 0.19625 0.2602996254681648 0.0225 0.04119850187265917
0 0.1575 0.26217228464419473 0.02 0.03745318352059925
0 0.1225 0.25842696629213485 0.025 0.0299625468164794