0 0.01125 0.35555555555555557 0.0175 0.02666666666666667
0 0.1175 0.38 0.02 0.03111111111111111
0 0.03625 0.45555555555555555 0.0375 0.06666666666666667
0 0.0975 0.5444444444444444 0.03 0.06666666666666667
0 0.20875 0.4444444444444444 0.0525 0.09777777777777778
0 0.23125 0.37333333333333335 0.0225 0.05333333333333334
0 0.26 0.34444444444444444 0.02 0.04
0 0.32625 0.36 0.0125 0.02666666666666667
0 0.30125 0.39555555555555555 0.0175 0.035555555555555556
0 0.3225 0.47555555555555556 0.035 0.07111111111111111
0 0.355 0.44 0.02 0.05333333333333334
0 0.40125 0.4533333333333333 0.0575 0.09777777777777778
0 0.455 0.6311111111111111 0.065 0.13333333333333333
2 0.44625 0.3844444444444444 0.0125 0.022222222222222223
0 0.5975 0.47333333333333333 0.025 0.06666666666666667
0 0.645 0.4088888888888889 0.02 0.044444444444444446
0 0.69 0.5022222222222222 0.035 0.07111111111111111
0 0.85 0.6511111111111111 0.16 0.30666666666666664
0 0.9425 0.7444444444444445 0.06 0.1288888888888889