1 0.04875 0.04 0.0575 0.07333333333333333
0 0.05 0.35 0.055 0.09333333333333334
0 0.245 0.26666666666666666 0.06 0.08
0 0.28375 0.06833333333333333 0.0625 0.09
1 0.0625 0.47333333333333333 0.05 0.08666666666666667
0 0.02375 0.8816666666666667 0.0425 0.13
0 0.0975 0.785 0.07 0.11666666666666667
2 0.145 0.715 0.055 0.11
0 0.25 0.49 0.055 0.09333333333333334
0 0.49375 0.13833333333333334 0.0625 0.07666666666666666
0 0.48625 0.27 0.0675 0.09333333333333334
0 0.50375 0.42333333333333334 0.0625 0.09333333333333334
0 0.3675 0.925 0.07 0.11
0 0.52375 0.75 0.0725 0.09333333333333334
0 0.5775 0.825 0.075 0.11
0 0.6625 0.4866666666666667 0.055 0.08666666666666667
0 0.68375 0.265 0.0625 0.09
0 0.7775 0.26 0.06 0.1
0 0.8575 0.08333333333333333 0.045 0.07333333333333333
0 0.93875 0.3416666666666667 0.0675 0.08333333333333333
0 0.96875 0.64 0.0625 0.08666666666666667