1 0.125 0.3047619047619048 0.065 0.13333333333333333
1 0.18875 0.42857142857142855 0.0625 0.10476190476190476
1 0.19375 0.6023809523809524 0.0675 0.1380952380952381
1 0.25 0.2761904761904762 0.06 0.13333333333333333
1 0.3375 0.5523809523809524 0.075 0.1619047619047619
0 0.4475 0.5833333333333334 0.09 0.19523809523809524
1 0.5425 0.30952380952380953 0.055 0.13333333333333333
1 0.60875 0.669047619047619 0.0825 0.15714285714285714
1 0.6225 0.5 0.065 0.13333333333333333
0 0.885 0.6452380952380953 0.08 0.18571428571428572
1 0.9625 0.3595238095238095 0.055 0.11904761904761904
1 0.695 0.15714285714285714 0.055 0.10476190476190476
1 0.88125 0.20714285714285716 0.0425 0.08095238095238096
1 0.485 0.28095238095238095 0.055 0.09523809523809523