0 0.075 0.07116104868913857 0.025 0.0449438202247191
0 0.15 0.056179775280898875 0.025 0.03745318352059925
0 0.3125 0.08801498127340825 0.025 0.056179775280898875
0 0.43125 0.033707865168539325 0.0275 0.0449438202247191
0 0.06875 0.20599250936329588 0.0325 0.052434456928838954
0 0.14875 0.17228464419475656 0.0325 0.0449438202247191
0 0.2825 0.1647940074906367 0.03 0.052434456928838954
0 0.305 0.23220973782771537 0.03 0.0449438202247191
0 0.24375 0.31086142322097376 0.0325 0.0449438202247191
0 0.08125 0.2958801498127341 0.0375 0.052434456928838954
0 0.0375 0.3651685393258427 0.035 0.056179775280898875
0 0.1075 0.4157303370786517 0.035 0.0449438202247191
0 0.105 0.4868913857677903 0.03 0.0599250936329588
0 0.16625 0.5187265917602997 0.0325 0.056179775280898875
0 0.175 0.601123595505618 0.045 0.06367041198501873
0 0.1275 0.8014981273408239 0.045 0.0599250936329588
0 0.1525 0.9269662921348315 0.045 0.07116104868913857
0 0.255 0.8745318352059925 0.045 0.056179775280898875
0 0.33 0.5056179775280899 0.04 0.052434456928838954
0 0.35 0.36142322097378277 0.03 0.04868913857677903
0 0.38 0.8220973782771536 0.045 0.07116104868913857
0 0.44375 0.5655430711610487 0.0375 0.06741573033707865
0 0.50375 0.10299625468164794 0.0275 0.033707865168539325
0 0.5275 0.16104868913857678 0.03 0.0449438202247191
0 0.59125 0.11610486891385768 0.0275 0.0449438202247191
0 0.565 0.20599250936329588 0.03 0.0449438202247191
0 0.66125 0.1947565543071161 0.0325 0.0449438202247191
0 0.635 0.2546816479400749 0.035 0.0599250936329588
0 0.6 0.40636704119850187 0.035 0.056179775280898875
0 0.5525 0.49625468164794007 0.035 0.06367041198501873
0 0.71875 0.795880149812734 0.0425 0.07116104868913857
0 0.7725 0.3801498127340824 0.035 0.06367041198501873
0 0.80125 0.550561797752809 0.0375 0.0599250936329588
0 0.79 0.04868913857677903 0.03 0.03745318352059925
0 0.81625 0.0299625468164794 0.0225 0.0449438202247191
1 0.9275 0.06554307116104868 0.025 0.04868913857677903
0 0.84125 0.1198501872659176 0.0325 0.03745318352059925
0 0.95875 0.3539325842696629 0.0375 0.04119850187265917
0 0.9 0.49625468164794007 0.035 0.056179775280898875
0 0.92375 0.6891385767790262 0.0325 0.0599250936329588
0 0.955 0.7415730337078652 0.05 0.052434456928838954