0 0.2075 0.15891472868217055 0.055 0.07751937984496124
0 0.29 0.3856589147286822 0.045 0.06589147286821706
0 0.46625 0.20930232558139536 0.0475 0.06976744186046512
0 0.91375 0.1996124031007752 0.0425 0.06589147286821706
0 0.69125 0.22093023255813954 0.0375 0.05426356589147287
0 0.61 0.20155038759689922 0.035 0.046511627906976744
0 0.56625 0.23255813953488372 0.0275 0.046511627906976744
0 0.07875 0.1937984496124031 0.0275 0.03875968992248062
0 0.2925 0.15310077519379844 0.025 0.04263565891472868
0 0.34 0.18410852713178294 0.02 0.03488372093023256
0 0.39 0.18992248062015504 0.02 0.031007751937984496
0 0.97375 0.20348837209302326 0.0175 0.027131782945736434