1 0.1375 0.4424778761061947 0.065 0.10619469026548672
1 0.14375 0.3030973451327434 0.0575 0.084070796460177
0 0.2175 0.2831858407079646 0.05 0.07079646017699115
1 0.27625 0.34513274336283184 0.0475 0.07964601769911504
0 0.3075 0.2676991150442478 0.045 0.084070796460177
1 0.23625 0.19911504424778761 0.0525 0.09734513274336283
0 0.13 0.6261061946902655 0.05 0.14601769911504425
1 0.195 0.6836283185840708 0.075 0.14601769911504425
1 0.265 0.7942477876106194 0.075 0.15486725663716813
0 0.37125 0.8716814159292036 0.0975 0.18584070796460178
0 0.3725 0.5154867256637168 0.065 0.12831858407079647
0 0.37125 0.3495575221238938 0.0625 0.08849557522123894
1 0.36875 0.17920353982300885 0.0375 0.06637168141592921
0 0.46375 0.1902654867256637 0.0425 0.09734513274336283
0 0.445 0.24557522123893805 0.03 0.084070796460177
0 0.51125 0.18805309734513273 0.0425 0.084070796460177
1 0.5725 0.13716814159292035 0.04 0.07964601769911504
1 0.62125 0.21017699115044247 0.0625 0.11061946902654868
0 0.465 0.45132743362831856 0.055 0.10619469026548672
0 0.4575 0.6261061946902655 0.065 0.10176991150442478
0 0.56375 0.5110619469026548 0.0625 0.12831858407079647
1 0.48375 0.8008849557522124 0.0425 0.10619469026548672
1 0.43375 0.838495575221239 0.0425 0.15486725663716813
0 0.6175 0.9048672566371682 0.09 0.16371681415929204
0 0.645 0.5619469026548672 0.07 0.12389380530973451
0 0.70375 0.7876106194690266 0.0525 0.1504424778761062
0 0.68 0.4092920353982301 0.05 0.09292035398230089
0 0.75875 0.5287610619469026 0.0575 0.11061946902654868
1 0.68 0.12389380530973451 0.05 0.08849557522123894
1 0.6775 0.24336283185840707 0.04 0.061946902654867256
1 0.7275 0.15265486725663716 0.045 0.0752212389380531
0 0.82 0.11946902654867257 0.035 0.07964601769911504
1 0.7625 0.25663716814159293 0.045 0.07964601769911504
0 0.84 0.5088495575221239 0.07 0.07964601769911504
1 0.8925 0.7433628318584071 0.08 0.12389380530973451