0 0.18875 0.29744525547445255 0.0525 0.07664233576642336
0 0.40375 0.27007299270072993 0.0675 0.10218978102189781
0 0.57375 0.2664233576642336 0.0575 0.08759124087591241
1 0.7525 0.2664233576642336 0.055 0.072992700729927
1 0.95125 0.29014598540145986 0.0525 0.06934306569343066
1 0.96625 0.08759124087591241 0.0325 0.043795620437956206
1 0.63625 0.041970802919708027 0.0175 0.040145985401459854
1 0.57375 0.05474452554744526 0.0125 0.029197080291970802
1 0.81875 0.1259124087591241 0.0125 0.025547445255474453
1 0.745 0.12408759124087591 0.015 0.021897810218978103
1 0.7075 0.11678832116788321 0.015 0.021897810218978103
0 0.43875 0.10218978102189781 0.0175 0.029197080291970802
1 0.37 0.12043795620437957 0.015 0.021897810218978103
1 0.215 0.10036496350364964 0.015 0.025547445255474453
1 0.15375 0.10401459854014598 0.0175 0.032846715328467155
1 0.07 0.09671532846715329 0.015 0.032846715328467155
1 0.015 0.09306569343065693 0.02 0.025547445255474453