0 0.02375 0.49250936329588013 0.0425 0.07865168539325842
0 0.09 0.4550561797752809 0.045 0.07116104868913857
0 0.19375 0.4550561797752809 0.0475 0.07116104868913857
0 0.28875 0.4288389513108614 0.0425 0.06367041198501873
0 0.35 0.449438202247191 0.045 0.08239700374531835
0 0.485 0.4681647940074906 0.045 0.0749063670411985
0 0.50625 0.4288389513108614 0.0275 0.08614232209737828
0 0.615 0.4400749063670412 0.025 0.04868913857677903
0 0.69375 0.33146067415730335 0.0525 0.09363295880149813
0 0.8725 0.35580524344569286 0.06 0.0898876404494382
0 0.99375 0.3801498127340824 0.0175 0.07116104868913857
0 0.92875 0.37640449438202245 0.0475 0.07865168539325842
1 0.64 0.44756554307116103 0.035 0.07116104868913857
1 0.40625 0.4943820224719101 0.0425 0.0749063670411985
1 0.26125 0.47191011235955055 0.0475 0.08239700374531835