0 0.0875 0.47333333333333333 0.045 0.1288888888888889
0 0.285 0.44222222222222224 0.04 0.10222222222222223
0 0.335 0.5022222222222222 0.06 0.09777777777777778
0 0.39875 0.3711111111111111 0.0425 0.09333333333333334
1 0.4475 0.39111111111111113 0.055 0.10666666666666667
0 0.50875 0.5044444444444445 0.0775 0.15555555555555556
1 0.5025 0.30444444444444446 0.045 0.08444444444444445
1 0.5825 0.2866666666666667 0.05 0.10222222222222223
1 0.70375 0.34444444444444444 0.0475 0.09333333333333334
0 0.67375 0.4622222222222222 0.0475 0.09777777777777778
0 0.745 0.44222222222222224 0.05 0.12
0 0.8925 0.36 0.045 0.08888888888888889
2 0.79125 0.4866666666666667 0.0675 0.12
1 0.95875 0.3933333333333333 0.0625 0.10222222222222223
1 0.185 0.3622222222222222 0.03 0.057777777777777775
1 0.8175 0.3422222222222222 0.03 0.06222222222222222
0 0.93125 0.3244444444444444 0.0275 0.05333333333333334