0 0.26875 0.24 0.0425 0.08888888888888889
0 0.4025 0.22666666666666666 0.05 0.08888888888888889
0 0.79 0.14 0.05 0.09333333333333334
0 0.88875 0.15555555555555556 0.0075 0.02666666666666667
1 0.69 0.14888888888888888 0.005 0.013333333333333334
0 0.61125 0.15777777777777777 0.0075 0.013333333333333334
0 0.51875 0.17333333333333334 0.0025 0.008888888888888889
0 0.5425 0.1688888888888889 0.005 0.008888888888888889
0 0.545 0.16666666666666666 0.005 0.013333333333333334
0 0.56625 0.16 0.0025 0.008888888888888889
0 0.57625 0.16444444444444445 0.0025 0.008888888888888889