0 0.085 0.23595505617977527 0.045 0.06741573033707865
0 0.18875 0.11797752808988764 0.0325 0.04868913857677903
0 0.25625 0.2846441947565543 0.0425 0.0599250936329588
0 0.37125 0.0898876404494382 0.0325 0.0449438202247191
0 0.415 0.14794007490636704 0.04 0.06367041198501873
0 0.51875 0.35767790262172283 0.0525 0.08614232209737828
0 0.45625 0.08426966292134831 0.0375 0.056179775280898875
0 0.52 0.09363295880149813 0.035 0.052434456928838954
0 0.62 0.26779026217228463 0.045 0.07116104868913857
0 0.6075 0.20973782771535582 0.035 0.052434456928838954
1 0.4225 0.07865168539325842 0.025 0.0299625468164794
1 0.59375 0.10299625468164794 0.0225 0.04119850187265917
0 0.6 0.04307116104868914 0.025 0.033707865168539325
0 0.66625 0.13670411985018727 0.0325 0.04119850187265917
1 0.63 0.026217228464419477 0.025 0.03745318352059925
2 0.6975 0.07865168539325842 0.025 0.0449438202247191
0 0.75 0.05805243445692884 0.03 0.04868913857677903
0 0.76875 0.06179775280898876 0.0125 0.033707865168539325
1 0.7275 0.054307116104868915 0.02 0.033707865168539325
1 0.8825 0.0599250936329588 0.03 0.03745318352059925
0 0.955 0.10112359550561797 0.03 0.0449438202247191