0 0.19625 0.4491150442477876 0.0775 0.14601769911504425
1 0.3925 0.6150442477876106 0.14 0.2920353982300885
0 0.0925 0.34292035398230086 0.06 0.11946902654867257
2 0.1675 0.17920353982300885 0.045 0.10176991150442478
1 0.2225 0.33185840707964603 0.055 0.08849557522123894
0 0.28375 0.2610619469026549 0.0525 0.07964601769911504
0 0.35 0.2411504424778761 0.06 0.084070796460177
0 0.4275 0.28761061946902655 0.05 0.07964601769911504
0 0.47375 0.3584070796460177 0.0575 0.10619469026548672
0 0.54875 0.3694690265486726 0.0675 0.084070796460177
1 0.465 0.17256637168141592 0.035 0.07079646017699115
0 0.38125 0.09955752212389381 0.0225 0.03982300884955752
0 0.4675 0.084070796460177 0.025 0.04424778761061947
0 0.67625 0.4579646017699115 0.0925 0.15486725663716813
0 0.13125 0.20575221238938052 0.0375 0.084070796460177
0 0.2675 0.1836283185840708 0.045 0.06637168141592921
0 0.5775 0.059734513274336286 0.015 0.030973451327433628
0 0.79875 0.9026548672566371 0.0675 0.18584070796460178
0 0.84125 0.5420353982300885 0.0875 0.17256637168141592
0 0.82625 0.28982300884955753 0.0675 0.10176991150442478
0 0.81875 0.4269911504424779 0.0375 0.09292035398230089
0 0.77875 0.21017699115044247 0.0425 0.10176991150442478
0 0.87125 0.1747787610619469 0.0325 0.06637168141592921