0 0.11125 0.5655430711610487 0.1125 0.17228464419475656
0 0.20625 0.8183520599250936 0.1225 0.19850187265917604
0 0.3175 0.4756554307116105 0.065 0.10486891385767791
0 0.24 0.4794007490636704 0.05 0.06741573033707865
0 0.30625 0.34831460674157305 0.0475 0.0749063670411985
0 0.42 0.3801498127340824 0.045 0.09363295880149813
0 0.3825 0.3464419475655431 0.03 0.04868913857677903
0 0.48 0.50187265917603 0.07 0.1198501872659176
0 0.62375 0.39325842696629215 0.0675 0.1198501872659176
0 0.775 0.350187265917603 0.05 0.09363295880149813
0 0.76375 0.601123595505618 0.0925 0.13857677902621723
0 0.86125 0.8876404494382022 0.1475 0.20224719101123595
0 0.8925 0.3801498127340824 0.04 0.07116104868913857
0 0.95375 0.45692883895131087 0.0475 0.06741573033707865
0 0.96125 0.7134831460674157 0.0825 0.21348314606741572
0 0.68875 0.42134831460674155 0.0425 0.07116104868913857
0 0.95625 0.35580524344569286 0.0375 0.0449438202247191