0 0.08625 0.5280898876404494 0.0725 0.12734082397003746
0 0.13375 0.9101123595505618 0.0975 0.1797752808988764
0 0.2525 0.6385767790262172 0.065 0.12359550561797752
0 0.28875 0.40823970037453183 0.0425 0.0749063670411985
0 0.35125 0.3539325842696629 0.0375 0.07865168539325842
0 0.5025 0.46254681647940077 0.045 0.08614232209737828
0 0.5575 0.3464419475655431 0.04 0.07865168539325842
0 0.67875 0.4363295880149813 0.0375 0.06367041198501873
0 0.7725 0.4887640449438202 0.035 0.07865168539325842
0 0.87 0.5880149812734082 0.04 0.11235955056179775
0 0.60125 0.31086142322097376 0.0425 0.08239700374531835