0 0.065 0.24 0.115 0.2222222222222222
0 0.34125 0.38 0.0775 0.15555555555555556
0 0.4275 0.2222222222222222 0.035 0.08888888888888889
0 0.52125 0.24222222222222223 0.0675 0.13777777777777778
0 0.89875 0.26666666666666666 0.0375 0.07111111111111111
1 0.96375 0.2777777777777778 0.0325 0.07555555555555556
1 0.78375 0.24666666666666667 0.0425 0.08444444444444445
1 0.72125 0.23777777777777778 0.0375 0.08444444444444445
1 0.64375 0.24222222222222223 0.0425 0.1111111111111111
1 0.215 0.2577777777777778 0.055 0.09777777777777778
1 0.1575 0.2511111111111111 0.025 0.04888888888888889