1 0.15125 0.8444444444444444 0.1175 0.21333333333333335
1 0.06625 0.5911111111111111 0.1025 0.14222222222222222
0 0.04625 0.39111111111111113 0.0825 0.09777777777777778
0 0.1425 0.37333333333333335 0.09 0.1688888888888889
0 0.21 0.3488888888888889 0.04 0.08444444444444445
1 0.27625 0.41555555555555557 0.0925 0.17333333333333334
0 0.34625 0.6822222222222222 0.1125 0.19111111111111112
0 0.445 0.6511111111111111 0.085 0.14666666666666667
0 0.58875 0.6422222222222222 0.1325 0.22666666666666666
0 0.49875 0.44666666666666666 0.0425 0.14666666666666667
1 0.36 0.36444444444444446 0.065 0.13333333333333333
2 0.455 0.31555555555555553 0.07 0.12444444444444444
1 0.58375 0.28444444444444444 0.0625 0.11555555555555555
1 0.2125 0.18666666666666668 0.055 0.09777777777777778
0 0.175 0.20666666666666667 0.035 0.08444444444444445
0 0.12375 0.14 0.0425 0.07555555555555556
0 0.03125 0.2111111111111111 0.0575 0.12
2 0.075 0.20222222222222222 0.035 0.07555555555555556
0 0.19625 0.04666666666666667 0.0275 0.04888888888888889
0 0.24625 0.12222222222222222 0.0225 0.04888888888888889
0 0.265 0.19333333333333333 0.045 0.08444444444444445
0 0.4125 0.32222222222222224 0.04 0.10222222222222223
0 0.38125 0.21777777777777776 0.0375 0.06222222222222222
0 0.33625 0.16666666666666666 0.0375 0.057777777777777775
0 0.37875 0.15777777777777777 0.0425 0.057777777777777775
0 0.335 0.057777777777777775 0.025 0.05333333333333334
0 0.29375 0.06444444444444444 0.0125 0.04
0 0.39625 0.08222222222222222 0.0225 0.04888888888888889
0 0.4125 0.11777777777777777 0.03 0.04888888888888889
1 0.48125 0.12666666666666668 0.0375 0.07555555555555556
0 0.51375 0.2111111111111111 0.0425 0.09333333333333334
0 0.50625 0.2822222222222222 0.0425 0.08444444444444445
0 0.51875 0.05333333333333334 0.0125 0.05333333333333334
0 0.58 0.06222222222222222 0.02 0.044444444444444446
0 0.63875 0.044444444444444446 0.0275 0.05333333333333334
2 0.6575 0.1711111111111111 0.045 0.07555555555555556
1 0.6275 0.2733333333333333 0.025 0.09333333333333334
0 0.68125 0.38 0.0625 0.10222222222222223
0 0.68875 0.18222222222222223 0.0275 0.07111111111111111
1 0.7 0.06222222222222222 0.02 0.044444444444444446
0 0.68375 0.5266666666666666 0.0275 0.07555555555555556
0 0.75 0.58 0.08 0.17333333333333334
0 0.81875 0.7777777777777778 0.1225 0.24888888888888888
0 0.85 0.28444444444444444 0.06 0.11555555555555555
1 0.9575 0.32222222222222224 0.025 0.10222222222222223
0 0.8975 0.2644444444444444 0.035 0.10222222222222223
0 0.74125 0.3622222222222222 0.0525 0.07555555555555556
0 0.79875 0.21555555555555556 0.0475 0.08444444444444445
0 0.7825 0.11555555555555555 0.045 0.08888888888888889
2 0.83 0.09111111111111111 0.03 0.08444444444444445
0 0.915 0.13111111111111112 0.02 0.057777777777777775