1 0.11 0.0898876404494382 0.04 0.06741573033707865
1 0.17875 0.21722846441947566 0.0475 0.06741573033707865
1 0.16875 0.37640449438202245 0.0525 0.07865168539325842
0 0.1375 0.552434456928839 0.05 0.07116104868913857
1 0.47375 0.15355805243445692 0.0425 0.06741573033707865
0 0.43 0.30711610486891383 0.05 0.06741573033707865
0 0.47125 0.4044943820224719 0.0475 0.06741573033707865
0 0.44625 0.5786516853932584 0.0525 0.07865168539325842
0 0.7425 0.06554307116104868 0.045 0.06367041198501873
0 0.8225 0.16666666666666666 0.05 0.06367041198501873
1 0.80875 0.29213483146067415 0.0425 0.052434456928838954
1 0.705 0.4288389513108614 0.045 0.07116104868913857
0 0.795 0.6273408239700374 0.05 0.04119850187265917