0 0.09875 0.24 0.0525 0.06222222222222222
0 0.2625 0.20666666666666667 0.045 0.06666666666666667
0 0.1575 0.2911111111111111 0.02 0.04
0 0.33875 0.2511111111111111 0.0275 0.04888888888888889
0 0.42625 0.24 0.0375 0.08
0 0.5325 0.26 0.04 0.08444444444444445
0 0.71375 0.2644444444444444 0.0275 0.08444444444444445
0 0.86375 0.24666666666666667 0.0375 0.07555555555555556
0 0.585 0.34 0.01 0.022222222222222223
0 0.99 0.3622222222222222 0.01 0.022222222222222223
0 0.9775 0.3688888888888889 0.015 0.02666666666666667