1 0.0225 0.21666666666666667 0.035 0.06
1 0.06875 0.18833333333333332 0.0475 0.07
1 0.13125 0.18 0.0325 0.05333333333333334
1 0.13625 0.23666666666666666 0.0225 0.07333333333333333
1 0.06375 0.3933333333333333 0.0325 0.06
0 0.09375 0.515 0.0575 0.09666666666666666
2 0.1475 0.625 0.06 0.10333333333333333
1 0.285 0.955 0.085 0.09
1 0.285 0.04833333333333333 0.03 0.05
1 0.2975 0.165 0.04 0.07
1 0.34875 0.20666666666666667 0.0325 0.07333333333333333
1 0.3825 0.22 0.03 0.07333333333333333
1 0.26375 0.38 0.0425 0.06666666666666667
0 0.33375 0.5383333333333333 0.0475 0.09
0 0.41625 0.5333333333333333 0.0425 0.08666666666666667
1 0.49875 0.20833333333333334 0.0325 0.056666666666666664
1 0.53375 0.21 0.0275 0.06
0 0.5875 0.26166666666666666 0.03 0.09666666666666666
1 0.675 0.13166666666666665 0.045 0.09
1 0.7575 0.16166666666666665 0.035 0.06333333333333334
0 0.88625 0.15833333333333333 0.0525 0.09
0 0.8725 0.31333333333333335 0.05 0.11333333333333333
1 0.2875 0.05333333333333334 0.035 0.04