2 0.12 0.4424778761061947 0.14 0.25663716814159293
0 0.43375 0.6305309734513275 0.1175 0.252212389380531
0 0.53875 0.754424778761062 0.0725 0.1902654867256637
0 0.665 0.7920353982300885 0.125 0.23008849557522124
0 0.8175 0.7190265486725663 0.09 0.19911504424778761
0 0.65625 0.3672566371681416 0.0625 0.1415929203539823
0 0.7225 0.3252212389380531 0.065 0.11946902654867257
0 0.5125 0.26548672566371684 0.045 0.10619469026548672
0 0.56 0.20353982300884957 0.05 0.09734513274336283
0 0.4775 0.336283185840708 0.065 0.09734513274336283
0 0.6 0.08185840707964602 0.04 0.06637168141592921
0 0.68375 0.05530973451327434 0.0375 0.05752212389380531
0 0.53625 0.06637168141592921 0.0375 0.061946902654867256