0 0.03 0.27751196172248804 0.04 0.07655502392344497
0 0.14 0.2894736842105263 0.035 0.07177033492822966
0 0.23125 0.29904306220095694 0.0375 0.07177033492822966
0 0.27875 0.20574162679425836 0.0325 0.07655502392344497
0 0.335 0.24641148325358853 0.035 0.08133971291866028
0 0.44125 0.2751196172248804 0.0375 0.08133971291866028
0 0.5675 0.2631578947368421 0.035 0.07655502392344497
0 0.65375 0.31100478468899523 0.0325 0.06698564593301436
0 0.745 0.3038277511961722 0.035 0.07177033492822966
0 0.83875 0.35406698564593303 0.0425 0.06698564593301436
0 0.955 0.3181818181818182 0.045 0.08133971291866028