0 0.0325 0.24100719424460432 0.055 0.07913669064748201
0 0.08875 0.2787769784172662 0.0325 0.0539568345323741
0 0.2425 0.22841726618705036 0.035 0.06115107913669065
0 0.3075 0.2302158273381295 0.05 0.08633093525179857
0 0.34625 0.24100719424460432 0.0275 0.050359712230215826
0 0.39625 0.2787769784172662 0.0375 0.0539568345323741
0 0.46875 0.27697841726618705 0.0375 0.050359712230215826
0 0.56875 0.31654676258992803 0.0525 0.07194244604316546
0 0.6175 0.21942446043165467 0.045 0.06474820143884892
0 0.71625 0.2392086330935252 0.0325 0.0539568345323741
0 0.75375 0.2356115107913669 0.0425 0.0683453237410072
0 0.83125 0.329136690647482 0.0475 0.0683453237410072
0 0.90625 0.2697841726618705 0.0425 0.07913669064748201
0 0.425 0.26258992805755393 0.02 0.03597122302158273