0 0.035 0.18009478672985782 0.025 0.06635071090047394
0 0.085 0.11374407582938388 0.025 0.05687203791469194
0 0.11875 0.20853080568720378 0.0275 0.05687203791469194
0 0.205 0.1872037914691943 0.035 0.07109004739336493
0 0.26875 0.21800947867298578 0.0525 0.08530805687203792
0 0.3125 0.12322274881516587 0.03 0.07582938388625593
0 0.3675 0.12322274881516587 0.025 0.05687203791469194
0 0.525 0.2109004739336493 0.04 0.09004739336492891
0 0.60375 0.18009478672985782 0.0375 0.0947867298578199
0 0.7175 0.18009478672985782 0.055 0.11374407582938388
0 0.80625 0.1966824644549763 0.0475 0.0995260663507109
0 0.89625 0.16113744075829384 0.0375 0.06635071090047394
1 0.91 0.4597156398104265 0.03 0.07582938388625593