0 0.02375 0.25 0.0325 0.06637168141592921
0 0.135 0.11283185840707964 0.06 0.12831858407079647
0 0.26125 0.3274336283185841 0.0225 0.07079646017699115
2 0.37375 0.32964601769911506 0.0275 0.05752212389380531
0 0.40875 0.15265486725663716 0.0325 0.09292035398230089
0 0.5175 0.17035398230088494 0.025 0.084070796460177
0 0.50625 0.2323008849557522 0.0275 0.06637168141592921
0 0.6575 0.23008849557522124 0.035 0.07079646017699115
0 0.70625 0.23893805309734514 0.0325 0.07079646017699115
0 0.77125 0.3008849557522124 0.0175 0.04424778761061947
0 0.81875 0.24778761061946902 0.0375 0.07079646017699115
0 0.8925 0.2743362831858407 0.03 0.061946902654867256
0 0.9275 0.27654867256637167 0.025 0.06637168141592921