0 0.0475 0.5930232558139535 0.085 0.12292358803986711
0 0.0875 0.42857142857142855 0.04 0.059800664451827246
0 0.12375 0.39368770764119604 0.0275 0.04318936877076412
0 0.1725 0.3504983388704319 0.025 0.029900332225913623
0 0.02375 0.36212624584717606 0.0225 0.026578073089700997
0 0.19875 0.43023255813953487 0.0375 0.04318936877076412
0 0.23625 0.36212624584717606 0.0275 0.03986710963455149
0 0.2875 0.5299003322259136 0.115 0.16279069767441862
0 0.2925 0.3554817275747508 0.025 0.026578073089700997
0 0.37875 0.3687707641196013 0.0175 0.019933554817275746
0 0.40125 0.3920265780730897 0.0275 0.03322259136212625
0 0.44375 0.45514950166112955 0.0425 0.059800664451827246
0 0.54375 0.44518272425249167 0.0625 0.08637873754152824
0 0.50875 0.4019933554817276 0.0225 0.046511627906976744
0 0.44625 0.38372093023255816 0.0175 0.023255813953488372
0 0.58625 0.3538205980066445 0.0275 0.029900332225913623
0 0.7025 0.3953488372093023 0.025 0.026578073089700997
0 0.70125 0.34717607973421927 0.0175 0.023255813953488372
0 0.7475 0.4418604651162791 0.025 0.03322259136212625
0 0.72875 0.3637873754152824 0.0175 0.016611295681063124
0 0.7775 0.4003322259136213 0.02 0.029900332225913623
0 0.82625 0.446843853820598 0.0475 0.06312292358803986
0 0.8925 0.4019933554817276 0.025 0.03322259136212625
0 0.98875 0.46179401993355484 0.0225 0.0664451827242525
0 0.9625 0.38870431893687707 0.03 0.03322259136212625
1 0.545 0.3521594684385382 0.015 0.019933554817275746