0 0.255 0.20772058823529413 0.05 0.07720588235294118
0 0.3925 0.24080882352941177 0.03 0.04779411764705882
1 0.43125 0.22058823529411764 0.0325 0.051470588235294115
1 0.45375 0.2977941176470588 0.0325 0.03676470588235294
2 0.50125 0.24080882352941177 0.0325 0.0625
0 0.60875 0.21507352941176472 0.0225 0.04044117647058824
0 0.64375 0.2959558823529412 0.0325 0.0625
0 0.7475 0.29044117647058826 0.035 0.07352941176470588
1 0.82625 0.24448529411764705 0.0475 0.07720588235294118
0 0.9125 0.28860294117647056 0.05 0.08455882352941177
1 0.33875 0.2959558823529412 0.0275 0.03308823529411765