0 0.71625 0.3801498127340824 0.0675 0.10861423220973783
0 0.8875 0.27715355805243447 0.055 0.10486891385767791
0 0.64625 0.24719101123595505 0.0625 0.1198501872659176
0 0.39375 0.4307116104868914 0.0575 0.08239700374531835
0 0.43375 0.34269662921348315 0.0525 0.08614232209737828
0 0.0425 0.37265917602996257 0.08 0.22846441947565543
0 0.3325 0.35580524344569286 0.045 0.06741573033707865
0 0.27125 0.3258426966292135 0.0525 0.06741573033707865
0 0.09625 0.3202247191011236 0.0375 0.056179775280898875
0 0.2 0.31647940074906367 0.04 0.04868913857677903
0 0.155 0.2883895131086142 0.02 0.03745318352059925
0 0.51375 0.2846441947565543 0.0275 0.0449438202247191