0 0.0825 0.24719101123595505 0.035 0.0599250936329588
0 0.1725 0.25280898876404495 0.04 0.07116104868913857
1 0.22375 0.20037453183520598 0.0275 0.04119850187265917
1 0.255 0.15917602996254682 0.04 0.056179775280898875
1 0.355 0.19662921348314608 0.045 0.06367041198501873
0 0.50375 0.23782771535580524 0.0525 0.09363295880149813
2 0.53625 0.18164794007490637 0.0225 0.056179775280898875
1 0.59875 0.1797752808988764 0.0425 0.06741573033707865
2 0.66 0.16853932584269662 0.045 0.06741573033707865
0 0.82375 0.14794007490636704 0.0575 0.10112359550561797
0 0.75125 0.12734082397003746 0.0275 0.0449438202247191
0 0.72 0.19662921348314608 0.025 0.04119850187265917
1 0.06 0.16853932584269662 0.03 0.052434456928838954