0 0.08625 0.2714285714285714 0.0425 0.08571428571428572
0 0.1675 0.3183673469387755 0.05 0.07346938775510205
0 0.30125 0.23673469387755103 0.0275 0.05714285714285714
0 0.35625 0.2979591836734694 0.0475 0.09795918367346938
0 0.3725 0.23877551020408164 0.03 0.061224489795918366
0 0.4075 0.2795918367346939 0.04 0.07755102040816327
0 0.455 0.4775510204081633 0.05 0.08163265306122448
0 0.435 0.2571428571428571 0.015 0.05714285714285714
0 0.47875 0.2755102040816326 0.0275 0.061224489795918366
0 0.5275 0.2714285714285714 0.03 0.06938775510204082
0 0.56125 0.27755102040816326 0.0425 0.08163265306122448
0 0.61375 0.30612244897959184 0.0375 0.0653061224489796
0 0.65125 0.3326530612244898 0.0375 0.07755102040816327
0 0.71375 0.3551020408163265 0.0525 0.08163265306122448
0 0.72125 0.21836734693877552 0.0225 0.053061224489795916
0 0.77 0.25918367346938775 0.035 0.06938775510204082
1 0.8075 0.25918367346938775 0.035 0.061224489795918366
0 0.84 0.2510204081632653 0.02 0.044897959183673466
0 0.8825 0.24081632653061225 0.04 0.0653061224489796
0 0.93875 0.25918367346938775 0.0475 0.07755102040816327