0 0.045 0.3202247191011236 0.06 0.08614232209737828
0 0.0525 0.46629213483146065 0.065 0.08614232209737828
0 0.1575 0.37640449438202245 0.085 0.15355805243445692
0 0.25 0.3970037453183521 0.05 0.08239700374531835
0 0.50875 0.18352059925093633 0.0725 0.1198501872659176
0 0.8275 0.32771535580524347 0.105 0.16853932584269662
0 0.91125 0.45318352059925093 0.0475 0.08239700374531835
0 0.70625 0.45131086142322097 0.0525 0.06367041198501873
0 0.7625 0.4363295880149813 0.035 0.056179775280898875
0 0.255 0.3052434456928839 0.05 0.07116104868913857
0 0.93125 0.37265917602996257 0.0375 0.056179775280898875
0 0.9475 0.4812734082397004 0.03 0.06367041198501873
0 0.55875 0.2546816479400749 0.0325 0.0898876404494382