0 0.8475 0.16853932584269662 0.055 0.0898876404494382
2 0.9375 0.30337078651685395 0.045 0.08239700374531835
0 0.64625 0.20037453183520598 0.0475 0.07116104868913857
0 0.7125 0.2958801498127341 0.035 0.0599250936329588
0 0.09375 0.21348314606741572 0.0425 0.0749063670411985
2 0.12 0.28277153558052437 0.055 0.09363295880149813
2 0.48 0.20037453183520598 0.065 0.10112359550561797
1 0.1975 0.2958801498127341 0.055 0.0898876404494382
1 0.02375 0.20411985018726592 0.0425 0.06367041198501873
1 0.365 0.24906367041198502 0.045 0.07116104868913857
1 0.605 0.2209737827715356 0.035 0.0599250936329588
1 0.72875 0.15730337078651685 0.0475 0.06741573033707865
1 0.24 0.2340823970037453 0.035 0.06367041198501873