0 0.11125 0.49336283185840707 0.0775 0.1902654867256637
0 0.275 0.32079646017699115 0.09 0.13716814159292035
0 0.08875 0.22787610619469026 0.0475 0.084070796460177
0 0.32875 0.09513274336283185 0.0425 0.084070796460177
0 0.46375 0.33185840707964603 0.0525 0.09734513274336283
0 0.52625 0.26548672566371684 0.0375 0.08849557522123894
0 0.625 0.27876106194690264 0.035 0.09734513274336283
0 0.575 0.46017699115044247 0.06 0.11504424778761062
0 0.6075 0.6747787610619469 0.06 0.12831858407079647
0 0.76625 0.4358407079646018 0.0675 0.10176991150442478
0 0.60125 0.05752212389380531 0.0275 0.07079646017699115
0 0.82625 0.13274336283185842 0.0375 0.04424778761061947
0 0.96 0.21017699115044247 0.07 0.13716814159292035
0 0.47 0.11061946902654868 0.02 0.061946902654867256