1 0.1325 0.9102040816326531 0.045 0.0653061224489796
1 0.03 0.6775510204081633 0.04 0.0653061224489796
1 0.15125 0.6857142857142857 0.0375 0.0653061224489796
1 0.045 0.5755102040816327 0.035 0.05714285714285714
1 0.16625 0.5346938775510204 0.0425 0.0653061224489796
1 0.05875 0.4387755102040816 0.0375 0.061224489795918366
1 0.165 0.44081632653061226 0.035 0.04081632653061224
1 0.20375 0.3877551020408163 0.0325 0.04897959183673469
1 0.06625 0.29183673469387755 0.0325 0.053061224489795916
1 0.09875 0.24285714285714285 0.0275 0.036734693877551024
1 0.2125 0.2612244897959184 0.035 0.05714285714285714
1 0.12 0.11836734693877551 0.03 0.04897959183673469
1 0.21 0.1346938775510204 0.035 0.05714285714285714
1 0.22875 0.0673469387755102 0.0325 0.044897959183673466
1 0.39625 0.12653061224489795 0.0175 0.04081632653061224
0 0.4725 0.11224489795918367 0.02 0.044897959183673466
0 0.51875 0.09795918367346938 0.0225 0.04081632653061224
1 0.455 0.14489795918367346 0.03 0.044897959183673466
1 0.45875 0.20204081632653062 0.0275 0.044897959183673466
0 0.43875 0.3020408163265306 0.0275 0.04081632653061224
1 0.475 0.35306122448979593 0.02 0.044897959183673466
1 0.45375 0.40408163265306124 0.0225 0.04897959183673469
1 0.4575 0.49183673469387756 0.03 0.053061224489795916
1 0.43375 0.5836734693877551 0.0375 0.05714285714285714
1 0.46875 0.6591836734693878 0.0325 0.044897959183673466
1 0.4775 0.8408163265306122 0.035 0.04081632653061224
1 0.49375 0.9326530612244898 0.0425 0.06938775510204082
1 0.4625 0.9163265306122449 0.015 0.044897959183673466
0 0.52375 0.4448979591836735 0.0325 0.04897959183673469
1 0.555 0.48775510204081635 0.035 0.061224489795918366
1 0.5625 0.39387755102040817 0.035 0.053061224489795916
1 0.535 0.3877551020408163 0.025 0.04897959183673469
1 0.52625 0.21020408163265306 0.0175 0.036734693877551024
1 0.5475 0.23265306122448978 0.03 0.04897959183673469
1 0.5825 0.11224489795918367 0.025 0.044897959183673466
1 0.59 0.2530612244897959 0.03 0.04897959183673469
1 0.6375 0.24285714285714285 0.025 0.036734693877551024
1 0.63875 0.3510204081632653 0.0325 0.04897959183673469
1 0.6175 0.5265306122448979 0.03 0.04081632653061224
1 0.56375 0.673469387755102 0.0275 0.05714285714285714
1 0.6 0.7224489795918367 0.035 0.05714285714285714
1 0.64375 0.7183673469387755 0.0325 0.05714285714285714
1 0.65 0.5510204081632653 0.035 0.05714285714285714
1 0.64 0.9428571428571428 0.03 0.05714285714285714
1 0.61875 0.15510204081632653 0.0275 0.04081632653061224
1 0.65875 0.12653061224489795 0.0175 0.04081632653061224
1 0.64875 0.07346938775510205 0.0225 0.0326530612244898
1 0.71625 0.1 0.0225 0.036734693877551024
1 0.69 0.1326530612244898 0.025 0.02857142857142857
1 0.72 0.17755102040816326 0.03 0.036734693877551024
1 0.7075 0.27755102040816326 0.035 0.04081632653061224
1 0.73125 0.25510204081632654 0.0125 0.044897959183673466
1 0.70125 0.37551020408163266 0.0325 0.04081632653061224
1 0.73125 0.42244897959183675 0.0325 0.053061224489795916
1 0.75625 0.4306122448979592 0.0175 0.044897959183673466
1 0.74375 0.5326530612244897 0.0325 0.053061224489795916
1 0.73625 0.6714285714285714 0.0375 0.044897959183673466
1 0.77 0.8061224489795918 0.035 0.053061224489795916
1 0.78625 0.8775510204081632 0.0225 0.0326530612244898
1 0.8025 0.9693877551020408 0.035 0.053061224489795916
1 0.76125 0.10408163265306122 0.0175 0.02857142857142857