0 0.085 0.2676991150442478 0.05 0.09292035398230089
0 0.17 0.3230088495575221 0.045 0.08849557522123894
0 0.35125 0.29867256637168144 0.0575 0.10176991150442478
0 0.40625 0.2831858407079646 0.0425 0.08849557522123894
0 0.4525 0.5132743362831859 0.055 0.10619469026548672
0 0.48 0.2743362831858407 0.03 0.061946902654867256
0 0.52875 0.26327433628318586 0.0275 0.084070796460177
0 0.56125 0.27654867256637167 0.0425 0.09292035398230089
0 0.61375 0.30973451327433627 0.0375 0.07964601769911504
0 0.65125 0.3473451327433628 0.0425 0.09292035398230089
0 0.715 0.3694690265486726 0.055 0.11061946902654868
0 0.7675 0.25442477876106195 0.035 0.0752212389380531
1 0.80875 0.2588495575221239 0.0425 0.05752212389380531
0 0.8825 0.2323008849557522 0.045 0.084070796460177
0 0.94 0.25442477876106195 0.05 0.09292035398230089
0 0.36875 0.2323008849557522 0.0375 0.06637168141592921
0 0.30125 0.23008849557522124 0.0375 0.061946902654867256