2 0.10875 0.23962264150943396 0.1125 0.17735849056603772
1 0.2375 0.12075471698113208 0.065 0.0830188679245283
0 0.3575 0.20943396226415095 0.045 0.08679245283018867
0 0.415 0.3471698113207547 0.08 0.12830188679245283
0 0.25875 0.7528301886792453 0.2075 0.30566037735849055
0 0.5625 0.6886792452830188 0.195 0.30566037735849055
0 0.62125 0.4018867924528302 0.0975 0.16226415094339622
0 0.5 0.2528301886792453 0.07 0.11320754716981132
1 0.83375 0.24150943396226415 0.0825 0.12830188679245283
0 0.9475 0.14339622641509434 0.09 0.11320754716981132
0 0.96 0.29056603773584905 0.08 0.14339622641509434
0 0.79125 0.5566037735849056 0.1125 0.18490566037735848