0 0.02625 0.16444444444444445 0.0425 0.08
0 0.085 0.2111111111111111 0.055 0.10222222222222223
1 0.10125 0.3622222222222222 0.0525 0.09333333333333334
0 0.04875 0.8577777777777778 0.0775 0.14222222222222222
0 0.2625 0.10888888888888888 0.06 0.08444444444444445
0 0.27625 0.38666666666666666 0.0575 0.11555555555555555
2 0.16875 0.6533333333333333 0.0575 0.13333333333333333
0 0.12625 0.7444444444444445 0.0725 0.13777777777777778
0 0.37875 0.9155555555555556 0.0675 0.13333333333333333
0 0.48875 0.10888888888888888 0.0675 0.10222222222222223
0 0.50125 0.3 0.0625 0.1111111111111111
0 0.51875 0.6977777777777778 0.0575 0.09777777777777778
0 0.57 0.7933333333333333 0.075 0.1288888888888889
0 0.6625 0.10666666666666667 0.06 0.09777777777777778
0 0.6425 0.38 0.055 0.1111111111111111
0 0.75 0.10666666666666667 0.07 0.12444444444444444
0 0.82625 0.035555555555555556 0.0525 0.06222222222222222
0 0.89625 0.20222222222222222 0.0675 0.10222222222222223
0 0.9325 0.5711111111111111 0.075 0.1111111111111111