0 0.07875 0.6488888888888888 0.1325 0.28444444444444444
0 0.32625 0.3933333333333333 0.0275 0.057777777777777775
0 0.40875 0.4022222222222222 0.0325 0.07555555555555556
0 0.5475 0.32 0.03 0.06222222222222222
0 0.135 0.4111111111111111 0.015 0.03111111111111111
0 0.44375 0.3688888888888889 0.0125 0.02666666666666667
0 0.49125 0.3688888888888889 0.0175 0.035555555555555556
0 0.6425 0.34444444444444444 0.02 0.022222222222222223
0 0.705 0.36 0.03 0.05333333333333334
0 0.90125 0.30444444444444446 0.1725 0.3244444444444444
1 0.7325 0.3111111111111111 0.015 0.035555555555555556
0 0.2175 0.4022222222222222 0.01 0.04