0 0.03375 0.30444444444444446 0.0325 0.08444444444444445
0 0.11375 0.28 0.0475 0.08888888888888889
0 0.26 0.6222222222222222 0.035 0.06222222222222222
0 0.30625 0.44 0.0375 0.08
0 0.35 0.36444444444444446 0.035 0.06222222222222222
0 0.41875 0.4111111111111111 0.0425 0.06666666666666667
0 0.46625 0.4088888888888889 0.0325 0.05333333333333334
0 0.57125 0.38 0.0325 0.06666666666666667
0 0.6375 0.3933333333333333 0.035 0.06666666666666667
0 0.7225 0.3333333333333333 0.035 0.06222222222222222
1 0.22125 0.34 0.0375 0.07555555555555556
1 0.31375 0.35333333333333333 0.0275 0.04888888888888889
1 0.5325 0.39111111111111113 0.03 0.07111111111111111
1 0.395 0.3711111111111111 0.035 0.06666666666666667