0 0.01875 0.52 0.0225 0.044444444444444446
0 0.0775 0.8088888888888889 0.02 0.035555555555555556
0 0.075 0.49777777777777776 0.025 0.044444444444444446
0 0.14 0.5066666666666667 0.025 0.05333333333333334
1 0.12 0.6333333333333333 0.025 0.04888888888888889
1 0.1675 0.7155555555555555 0.02 0.044444444444444446
0 0.135 0.37777777777777777 0.025 0.044444444444444446
0 0.18625 0.38666666666666666 0.0125 0.044444444444444446
1 0.14875 0.2733333333333333 0.0225 0.04
0 0.09375 0.15777777777777777 0.0175 0.04
0 0.275 0.6911111111111111 0.03 0.057777777777777775
0 0.34125 0.9 0.0325 0.057777777777777775
0 0.305 0.6266666666666667 0.025 0.05333333333333334
1 0.3 0.4866666666666667 0.02 0.04
0 0.2775 0.4177777777777778 0.02 0.044444444444444446
0 0.375 0.49333333333333335 0.02 0.044444444444444446
0 0.395 0.7022222222222222 0.03 0.05333333333333334
0 0.43125 0.8177777777777778 0.0275 0.06222222222222222
0 0.4 0.8044444444444444 0.03 0.06222222222222222
0 0.48375 0.92 0.0175 0.044444444444444446
0 0.49375 0.66 0.0275 0.057777777777777775
0 0.47625 0.6088888888888889 0.0325 0.035555555555555556
0 0.45375 0.4577777777777778 0.0275 0.044444444444444446
0 0.36125 0.37777777777777777 0.0275 0.044444444444444446
0 0.23375 0.2644444444444444 0.0225 0.03111111111111111
1 0.2225 0.22444444444444445 0.02 0.04
1 0.28 0.27555555555555555 0.025 0.044444444444444446
1 0.315 0.24888888888888888 0.02 0.035555555555555556
0 0.38375 0.2777777777777778 0.0225 0.04
0 0.3625 0.2111111111111111 0.025 0.04
0 0.27875 0.08444444444444445 0.0175 0.035555555555555556
0 0.315 0.05333333333333334 0.015 0.035555555555555556
0 0.34125 0.1688888888888889 0.0175 0.035555555555555556
0 0.4175 0.1622222222222222 0.02 0.03111111111111111
0 0.25625 0.2088888888888889 0.0175 0.035555555555555556
0 0.44 0.38 0.025 0.04
0 0.47625 0.32222222222222224 0.0225 0.04888888888888889
0 0.50875 0.3688888888888889 0.0225 0.044444444444444446
0 0.52 0.4866666666666667 0.02 0.04
0 0.63375 0.8822222222222222 0.0325 0.057777777777777775
0 0.6775 0.9711111111111111 0.035 0.057777777777777775
0 0.625 0.5755555555555556 0.025 0.04
0 0.6325 0.4088888888888889 0.025 0.035555555555555556
0 0.56375 0.38666666666666666 0.0225 0.044444444444444446
0 0.5825 0.3511111111111111 0.02 0.035555555555555556
0 0.58875 0.28444444444444444 0.0175 0.035555555555555556
0 0.5325 0.2088888888888889 0.02 0.035555555555555556
0 0.3325 0.02 0.015 0.03111111111111111
1 0.42125 0.051111111111111114 0.0125 0.03111111111111111
0 0.4525 0.035555555555555556 0.02 0.035555555555555556
0 0.52125 0.08 0.0175 0.035555555555555556
0 0.565 0.03333333333333333 0.015 0.03111111111111111
0 0.65375 0.14222222222222222 0.0175 0.035555555555555556
1 0.67625 0.11555555555555555 0.0175 0.02666666666666667
0 0.665 0.2866666666666667 0.02 0.03111111111111111
0 0.7025 0.3977777777777778 0.02 0.04
0 0.7325 0.6177777777777778 0.03 0.05333333333333334
0 0.72875 0.4488888888888889 0.0225 0.044444444444444446
0 0.7525 0.49777777777777776 0.025 0.044444444444444446
0 0.76625 0.4222222222222222 0.0225 0.044444444444444446
0 0.76125 0.5911111111111111 0.0225 0.044444444444444446
0 0.71 0.07777777777777778 0.015 0.03111111111111111
0 0.67125 0.02 0.0175 0.03111111111111111
0 0.73625 0.02 0.0125 0.03111111111111111
0 0.77125 0.03777777777777778 0.0125 0.03111111111111111
1 0.7725 0.08222222222222222 0.015 0.03111111111111111
1 0.745 0.1622222222222222 0.015 0.03111111111111111
0 0.8125 0.2111111111111111 0.02 0.04
0 0.86625 0.11777777777777777 0.0175 0.03111111111111111
1 0.8775 0.017777777777777778 0.015 0.02666666666666667
0 0.91125 0.11333333333333333 0.0175 0.03111111111111111
0 0.8975 0.18666666666666668 0.02 0.035555555555555556
0 0.89125 0.2644444444444444 0.0225 0.04
0 0.85875 0.29555555555555557 0.0175 0.04
0 0.9125 0.31333333333333335 0.02 0.04
0 0.95375 0.25333333333333335 0.0125 0.02666666666666667
0 0.925 0.38222222222222224 0.025 0.044444444444444446
0 0.9575 0.46 0.025 0.04
0 0.97 0.3111111111111111 0.02 0.044444444444444446
0 0.86 0.08 0.015 0.02666666666666667
0 0.99 0.68 0.02 0.05333333333333334
0 0.98875 0.5888888888888889 0.0225 0.04888888888888889
0 0.94125 0.5155555555555555 0.0225 0.035555555555555556