0 0.065 0.7164179104477612 0.045 0.07462686567164178
0 0.0525 0.4048507462686567 0.02 0.055970149253731345
0 0.13625 0.39365671641791045 0.0325 0.055970149253731345
1 0.055 0.5055970149253731 0.025 0.06343283582089553
1 0.02375 0.5317164179104478 0.0225 0.0708955223880597
0 0.30125 0.2630597014925373 0.0575 0.08582089552238806
0 0.37625 0.27798507462686567 0.0525 0.07835820895522388
0 0.48875 0.3003731343283582 0.0575 0.09328358208955224
0 0.64375 0.31343283582089554 0.0475 0.08208955223880597
0 0.75625 0.2891791044776119 0.0575 0.09328358208955224
0 0.975 0.3843283582089552 0.035 0.05223880597014925
1 0.97625 0.503731343283582 0.0375 0.07462686567164178