0 0.4 0.25555555555555554 0.07 0.1288888888888889
0 0.54125 0.3977777777777778 0.0575 0.1111111111111111
0 0.29125 0.8911111111111111 0.1325 0.21777777777777776
0 0.53875 0.9355555555555556 0.1225 0.1288888888888889
0 0.84125 0.20444444444444446 0.0575 0.10666666666666667
0 0.6475 0.15777777777777777 0.065 0.10222222222222223
0 0.7275 0.1622222222222222 0.06 0.1288888888888889
0 0.515 0.25555555555555554 0.065 0.1288888888888889
0 0.53 0.051111111111111114 0.025 0.07555555555555556
0 0.41 0.09111111111111111 0.045 0.08444444444444445
0 0.2725 0.035555555555555556 0.03 0.06222222222222222
0 0.16 0.09111111111111111 0.045 0.07555555555555556
0 0.0525 0.12666666666666668 0.05 0.06666666666666667
0 0.2075 0.057777777777777775 0.03 0.06222222222222222
0 0.79 0.044444444444444446 0.04 0.08
1 0.23125 0.12444444444444444 0.0375 0.08