0 0.845 0.44756554307116103 0.11 0.10861423220973783
0 0.68125 0.3464419475655431 0.0725 0.13108614232209737
0 0.61625 0.3352059925093633 0.0725 0.11610486891385768
0 0.545 0.2940074906367041 0.07 0.10861423220973783
0 0.43875 0.299625468164794 0.0625 0.10486891385767791
0 0.3975 0.28277153558052437 0.035 0.10112359550561797
0 0.3625 0.2940074906367041 0.035 0.08614232209737828
0 0.3075 0.20599250936329588 0.055 0.0898876404494382
0 0.2625 0.250936329588015 0.055 0.08239700374531835
0 0.12125 0.26779026217228463 0.0325 0.056179775280898875
0 0.02625 0.23595505617977527 0.0375 0.06741573033707865