0 0.085 0.31777777777777777 0.05 0.10222222222222223
0 0.1675 0.37777777777777777 0.045 0.08888888888888889
0 0.3525 0.35333333333333333 0.055 0.1111111111111111
0 0.40625 0.3288888888888889 0.0425 0.08
0 0.45375 0.5644444444444444 0.0525 0.09777777777777778
0 0.5275 0.31555555555555553 0.03 0.08
0 0.5625 0.32666666666666666 0.045 0.09333333333333334
0 0.61375 0.36 0.0425 0.08
0 0.65125 0.39555555555555555 0.0425 0.08888888888888889
0 0.71375 0.4177777777777778 0.0575 0.10666666666666667
0 0.7675 0.30444444444444446 0.035 0.07555555555555556
1 0.80875 0.30444444444444446 0.0375 0.06666666666666667
0 0.88375 0.28444444444444444 0.0425 0.08888888888888889
0 0.94 0.30666666666666664 0.05 0.09777777777777778
0 0.3 0.2822222222222222 0.035 0.07555555555555556
0 0.4775 0.32666666666666666 0.035 0.06666666666666667
0 0.36875 0.2822222222222222 0.0375 0.06666666666666667
0 0.84 0.3022222222222222 0.025 0.05333333333333334