0 0.5375 0.425 0.04 0.05
0 0.78375 0.485 0.0375 0.043333333333333335
1 0.8775 0.49333333333333335 0.04 0.04666666666666667
1 0.71875 0.4483333333333333 0.0375 0.043333333333333335
1 0.6575 0.41333333333333333 0.035 0.04
1 0.47125 0.41833333333333333 0.0325 0.05
1 0.3675 0.41 0.04 0.04666666666666667
1 0.44375 0.39666666666666667 0.0325 0.04
2 0.20125 0.405 0.0425 0.05
2 0.28375 0.405 0.0325 0.05
2 0.25125 0.56 0.0325 0.04666666666666667
2 0.6175 0.43166666666666664 0.04 0.05
0 0.0725 0.44166666666666665 0.02 0.03
1 0.84375 0.46 0.0225 0.02666666666666667