0 0.2675 0.1085972850678733 0.025 0.06334841628959276
0 0.2375 0.1515837104072398 0.04 0.06787330316742081
0 0.165 0.6357466063348416 0.08 0.14027149321266968
0 0.33875 0.5248868778280543 0.0625 0.12669683257918551
0 0.42 0.31447963800904977 0.055 0.11312217194570136
0 0.4025 0.03619909502262444 0.02 0.03619909502262444
0 0.45875 0.05429864253393665 0.0175 0.04524886877828054
0 0.5575 0.083710407239819 0.03 0.049773755656108594
0 0.54375 0.25339366515837103 0.0525 0.1085972850678733
0 0.57125 0.4276018099547511 0.0625 0.12217194570135746
0 0.65375 0.248868778280543 0.0575 0.1085972850678733
1 0.75 0.12895927601809956 0.03 0.058823529411764705
0 0.8125 0.16063348416289594 0.035 0.07692307692307693
0 0.78875 0.049773755656108594 0.0275 0.05429864253393665
0 0.8525 0.042986425339366516 0.035 0.058823529411764705
0 0.90125 0.06787330316742081 0.0325 0.04524886877828054