0 0.13 0.21082089552238806 0.04 0.0708955223880597
0 0.2475 0.22388059701492538 0.05 0.07462686567164178
0 0.34 0.24440298507462688 0.04 0.055970149253731345
0 0.43375 0.12686567164179105 0.0575 0.09701492537313433
0 0.48875 0.17350746268656717 0.0325 0.048507462686567165
0 0.5625 0.1828358208955224 0.05 0.07462686567164178
0 0.6325 0.373134328358209 0.045 0.07462686567164178
0 0.6875 0.15671641791044777 0.05 0.07462686567164178
0 0.77125 0.21455223880597016 0.0475 0.07835820895522388
0 0.83875 0.2332089552238806 0.0325 0.055970149253731345
0 0.88125 0.23507462686567165 0.0425 0.05970149253731343
0 0.905 0.18470149253731344 0.025 0.041044776119402986
0 0.975 0.16044776119402984 0.05 0.08208955223880597