0 0.085 0.31835205992509363 0.045 0.0749063670411985
0 0.14875 0.2846441947565543 0.0375 0.0599250936329588
0 0.2 0.25280898876404495 0.03 0.04868913857677903
0 0.26875 0.32771535580524347 0.0475 0.07116104868913857
0 0.42125 0.31647940074906367 0.0475 0.07116104868913857
0 0.50875 0.24906367041198502 0.0825 0.13108614232209737
0 0.60625 0.24157303370786518 0.0425 0.08614232209737828
0 0.6975 0.3258426966292135 0.03 0.0449438202247191
0 0.76375 0.2808988764044944 0.0425 0.0749063670411985
0 0.855 0.3333333333333333 0.035 0.0599250936329588
0 0.94 0.3052434456928839 0.035 0.06367041198501873
0 0.9725 0.2940074906367041 0.02 0.04868913857677903
0 0.28125 0.2397003745318352 0.0275 0.03745318352059925