0 0.07125 0.919921875 0.1075 0.16015625
0 0.195 0.798828125 0.07 0.11328125
0 0.305 0.744140625 0.13 0.23046875
0 0.49625 0.6171875 0.0775 0.1640625
0 0.3225 0.244140625 0.045 0.07421875
0 0.40125 0.115234375 0.0375 0.05859375
0 0.425 0.25 0.035 0.0703125
0 0.5 0.142578125 0.03 0.04296875
0 0.59375 0.15625 0.0375 0.0625
0 0.56625 0.376953125 0.0375 0.06640625
0 0.69375 0.564453125 0.1025 0.16015625
0 0.7575 0.1953125 0.035 0.0546875
1 0.84875 0.345703125 0.0375 0.05859375
1 0.66625 0.203125 0.0375 0.0625
1 0.44875 0.458984375 0.0475 0.07421875