0 0.38625 0.4688888888888889 0.0575 0.12
0 0.38375 0.26222222222222225 0.0775 0.07111111111111111
0 0.6475 0.6777777777777778 0.06 0.15555555555555556
0 0.58 0.5333333333333333 0.04 0.13333333333333333
0 0.6975 0.2644444444444444 0.025 0.04888888888888889
2 0.26625 0.24444444444444444 0.0325 0.05333333333333334
1 0.085 0.24 0.02 0.035555555555555556
1 0.51 0.22 0.025 0.057777777777777775
1 0.755 0.20222222222222222 0.02 0.057777777777777775
1 0.57875 0.4 0.0375 0.06222222222222222
0 0.89375 0.34444444444444444 0.0275 0.04
1 0.93625 0.37333333333333335 0.0375 0.07111111111111111
1 0.94125 0.4955555555555556 0.0275 0.10222222222222223
1 0.9675 0.36444444444444446 0.03 0.05333333333333334