0 0.545 0.5861423220973783 0.1 0.15355805243445692
0 0.0325 0.44756554307116103 0.02 0.033707865168539325
0 0.12875 0.4812734082397004 0.0075 0.033707865168539325
0 0.24 0.47191011235955055 0.015 0.0299625468164794
0 0.2725 0.4606741573033708 0.02 0.0299625468164794
0 0.3775 0.4794007490636704 0.015 0.03745318352059925
1 0.34875 0.449438202247191 0.0225 0.03745318352059925
0 0.43375 0.45318352059925093 0.0175 0.03745318352059925
0 0.495 0.45880149812734083 0.02 0.04119850187265917
0 0.655 0.4681647940074906 0.015 0.03745318352059925
0 0.6975 0.45318352059925093 0.01 0.0299625468164794
0 0.73875 0.4794007490636704 0.0125 0.0299625468164794
0 0.87375 0.33707865168539325 0.0175 0.02247191011235955
0 0.94 0.45880149812734083 0.01 0.026217228464419477
1 0.88875 0.4550561797752809 0.0175 0.033707865168539325
0 0.89125 0.398876404494382 0.0175 0.026217228464419477