0 0.12 0.6161048689138576 0.07 0.08614232209737828
0 0.24875 0.5636704119850188 0.0575 0.09363295880149813
0 0.38375 0.8258426966292135 0.0725 0.10112359550561797
0 0.31375 0.5411985018726592 0.0475 0.07116104868913857
0 0.35875 0.41947565543071164 0.0425 0.06741573033707865
2 0.27 0.36891385767790263 0.035 0.056179775280898875
0 0.1625 0.4419475655430712 0.035 0.06741573033707865
0 0.15125 0.36329588014981273 0.0225 0.0449438202247191
0 0.21125 0.32209737827715357 0.0225 0.03745318352059925
0 0.4725 0.4756554307116105 0.065 0.0898876404494382
0 0.5325 0.3951310861423221 0.04 0.07116104868913857
0 0.76875 0.46629213483146065 0.0825 0.10861423220973783
0 0.93375 0.5337078651685393 0.0375 0.08614232209737828
0 0.62625 0.3595505617977528 0.0225 0.06741573033707865
0 0.56 0.26217228464419473 0.035 0.0599250936329588
0 0.465 0.23220973782771537 0.03 0.0449438202247191
0 0.31375 0.2602996254681648 0.0225 0.04868913857677903
0 0.095 0.3408239700374532 0.02 0.0599250936329588
0 0.075 0.2846441947565543 0.02 0.0449438202247191
0 0.1525 0.250936329588015 0.03 0.052434456928838954
0 0.2275 0.2153558052434457 0.02 0.033707865168539325