0 0.04625 0.5933333333333334 0.0725 0.10666666666666667
0 0.085 0.43166666666666664 0.035 0.056666666666666664
0 0.11875 0.39666666666666667 0.0225 0.04
0 0.1975 0.43166666666666664 0.035 0.043333333333333335
0 0.235 0.365 0.025 0.043333333333333335
0 0.1725 0.3516666666666667 0.02 0.03
0 0.2875 0.5333333333333333 0.105 0.16666666666666666
0 0.40375 0.39166666666666666 0.0225 0.03
0 0.29 0.3566666666666667 0.02 0.02666666666666667
0 0.44375 0.45666666666666667 0.0375 0.05333333333333334
0 0.54375 0.44666666666666666 0.0575 0.08666666666666667
0 0.4925 0.395 0.015 0.03
0 0.44875 0.38666666666666666 0.0175 0.02
0 0.585 0.3566666666666667 0.025 0.03333333333333333
0 0.7025 0.39666666666666667 0.025 0.02666666666666667
0 0.74875 0.44666666666666666 0.0225 0.03333333333333333
0 0.82625 0.45 0.0475 0.06666666666666667
0 0.8925 0.4033333333333333 0.02 0.03333333333333333
0 0.99 0.4683333333333333 0.02 0.06333333333333334
0 0.6625 0.37166666666666665 0.01 0.016666666666666666
0 0.7025 0.3466666666666667 0.015 0.02
0 0.73125 0.365 0.0125 0.016666666666666666
0 0.7775 0.4033333333333333 0.02 0.03333333333333333
0 0.9625 0.3933333333333333 0.02 0.03333333333333333
0 0.985 0.37333333333333335 0.01 0.02