0 0.06875 0.599250936329588 0.0325 0.0599250936329588
0 0.15625 0.5430711610486891 0.0175 0.03745318352059925
0 0.195 0.6273408239700374 0.035 0.04868913857677903
0 0.305 0.5093632958801498 0.05 0.0898876404494382
0 0.43125 0.599250936329588 0.0375 0.08239700374531835
0 0.58625 0.5599250936329588 0.0325 0.056179775280898875
0 0.61875 0.5393258426966292 0.0175 0.0299625468164794
1 0.6575 0.5411985018726592 0.015 0.026217228464419477
0 0.74 0.5973782771535581 0.035 0.04868913857677903
2 0.8875 0.5337078651685393 0.045 0.07865168539325842
0 0.775 0.5318352059925093 0.015 0.02247191011235955